   11500.0000000000        500.000000000000       2.105979122127570E-003
   10500.0000000000        500.000000000000       1.462351937166977E-003
   9500.00000000000        500.000000000000       1.187956392726289E-003
   8500.00000000000        500.000000000000       7.376922378480441E-004
   7500.00000000000        500.000000000000       4.800173510765921E-004
   6500.00000000000        500.000000000000       8.192711923595839E-005
   5500.00000000000        500.000000000000      -3.072501477323667E-004
   4500.00000000000        500.000000000000      -7.206305478395797E-004
   3500.00000000000        500.000000000000      -9.758933585829034E-004
   2500.00000000000        500.000000000000      -1.221627760741088E-003
   1500.00000000000        500.000000000000      -1.363845771734851E-003
   500.000000000000        500.000000000000      -1.466676573548954E-003
